8d0bb9cf05d33a1960ac3375a5cb6430496bc6f60c62741121b16c0f77515e22 1415382710 1461919 1465960
f53d65e9a49690e84b7f929e5db5ae9cfdbb23c50810a7ebcf972b5b7984bd42 1137132826 1457886 1461918
be8777ada11bde0ba68471e609fbe2d940f32508f49e44934e9e4634cfb243e5 2817051633 1453841 1457885
7a72270cf544d5a4af766aef41e25e16b9734645504307441021e87693e6bf28 2003391317 1449801 1453840
4c030654852e4a2d71b187fcdd0fe51cd5ea1605c1c3bc2fcc5fe44eb98718bc 3820293719 1445759 1449800
e2e9b381e14ea09a7f5faee95c92a29f4696cc56bf357a9fe8ef39b894ce769b 1835111906 1441715 1445758
c147cd1f3a3ebd6fc374876031939ef1e7b167426cc612aef7448221717aabe7 2202251403 1437689 1441714
7f524f41c10b3acf72853c9fbe7f7c55adab0ae6aa9ec3ece7a4d35b25a2eb44 1725111412 1433611 1437688
7570e9e5f6b9adddf4870cce40250b949cedeb3f0b82aa092473dd38d2733535 0612223822 1429532 1433610
4dc551078076bb9a2eac642d981d4e4bb3f4784a9004aa2b4d731363768f2aad 3539110114 1425455 1429531
53cb26b735c60373bbb569d2e1a9a388471427c8e323e84618e6a6fe4448336b 1515273712 1421379 1425454
81b01dbc21196e5a1f2a1cdc49fe7337386314f83527bc43d90403539fe7ef84 2111122104 1417302 1421378
cf8067d3ed60d4aa0780c83a610761a2b2f3f0cee5f32558e6afb3b14579380b 2227132801 1413220 1417301
759ed9139b11269d452cb406f6ad82adf2c446bfb6b94d60d163a5952312c023 2411122238 1409137 1413219
d1c14b20b9b932ca658a727a5ffa129129cb0f92299aa53b371f840b346282ab 3521300615 1405071 1409136
15bc19b32bdb34f3feda5ca7e380bd0bb461fc6feb67bc81017f7ee64a4a4aed 0803092829 1401000 1405070
a73a6ad35ad4e7de4ba595ae88dc76fc231db439789f3fef1460c64bdf71379f 2607301412 1396927 1400999
71ea22c5eaa253bc89dd805ebf7cf5ea0d3066f731782ff0bbdaac0335c8e313 1434150915 1392855 1396926
28507722f28904cb540a45a3d1ce619473867af3a44becb6fe24a728510d8cd5 0238251009 1388783 1392854
1642c7f4bcede1c922645dc921d502191d14ce78153a3d67b5eb49c8c2d2c628 0910063004 1384706 1388782
de07f9aba0e5a4cc871c469a381d326eac8c1d7a14c0c0c3e5f5c83e9508c386 0421061522 1380626 1384705
554b7b0cb2a130c30cfda6e60e6894e13f840abd7e022d8704ca581eedb50596 2827052711 1376551 1380625
a90694731abd59a4cf2f22b46128a263b915d3d7d3c154eb1b5ce30500effb48 0402061012 1372473 1376550
f12800ba6ddeab28ca1487bba0e65fe24efddc66657f1a6b09c4713fb164a3a7 2105162918 1368395 1372472
fad123d63ff3e11b9abc13a60a9a3111aa9d8059b0cdef667d812023e546fa2a 0729300103 1364317 1368394
e38e10e5918004151e14889e415a2006ae3ee0582faa22250269ca64550c2d19 2311153627 1360239 1364316
459c4b1fff11031125782224fdca693cbf54ac5d0f4384c3f300a91de760809f 0131023708 1356160 1360238
a5fa155716d591ce7a9490ee81f5625f7a64282e54967da9117f8d35e3cbcd18 0320382731 1352082 1356159
3d122f3a7f7fb3ff549ec1d1f9f3154e27f917ecc39b544e335745ba8f4db624 0332052136 1348007 1352081
582f4ee7dd79ebeb390e314ff4e1c5953846a51ea81258ed683e08d08a588edd 0229343108 1343929 1348006
e2d4c2cc99efdd161f81854e9c58016d377d5048df3195a650598a2005061462 1405332206 1339848 1343928
e2ce8b9d45c3ef7445cec265a3101f1e91093dd7c98ea3b7d013d7fd02605ede 2216011926 1335765 1339847
07e72b07dfe6442850b0045f3ab8092fb7c851002c1dd90c580d8fa0d2086663 3613230627 1331686 1335764
d733de94e87a779fef3c6b7a38129a64038d62628a385707003ff244214f5a8b 0621213417 1327607 1331685
9dc36922090973d52448b9522ff838bbf685a95552b5b980533364ad2ad8ebb0 0503323736 1323533 1327606
71e6669cbc026fbd196c77d13b9d339c8362bd60f1a771e05fe557862f887ed8 0636080425 1319455 1323532
aa37cdb1e84ba0507f71c2fd236d8f68845f6e844730427d18fa2b864f7b3528 0613253538 1315371 1319454
f927efc4377528c752d172ea19e5d68e6814b6e7bea22704a12f5b9373f2f45d 1505182519 1311343 1315370
b32314b8ea17b5713fe210e69f9598df1e0140c5ec427af76508c6b9e5a53ff9 3325181733 1307265 1311342
24bfb3dc37fe981597d2923a9b3ac28c0ded21f3ce8d2a8d7efa076782c9019e 1304102820 1303184 1307264
2444f0b8684c82234b57119d35a64a56f1a30c09319cd3d147bcfdd44985fa33 0609203210 1299105 1303183
8526f962698f7e04ca09059732630f4a7a5e62ae7cb54d231b17ad620512705c 3836142801 1295026 1299104
3c88fb7333936f76eb26b4cda4e92387cfa0df8dfd6af42fa6fa1be804cd4a29 2139253127 1290949 1295025
e0373bc81b6c92465cbddfee99e21fd1aa5559e529b2312d07246d1d29cce69c 2509381002 1286873 1290948
18d9205a259924c50ba54a16fc777ba65356267891a83316f2e9d3002d2f8dfe 0322051909 1282798 1286872
1c306bbf80eea4e849a0f38b009fda5caa58ae3f7f7ea61c2fa0ef6e875aa7d7 2718200239 1278751 1282797
37beb90142dc4460f726baa88faba0a9d966d4b535e8dbd20d2439982b7088fb 3821312837 1274677 1278750
f9aa61bb1ba4f900044bf2789030680fcb0b08995ae8e1491c6193d0db8bfb66 0639352321 1270600 1274676
70473f5e790ac37846c863106757b9242a3a06aae43c2decc45cea518f589bcc 2232233906 1266524 1270599
93a13ef65f740929b2080fa338f66e8474d4e61954d6466e21b72ad73491b1d5 1010013532 1262448 1266523
a035a9c4fe5b741d22bdb72edd5199998fb4a36272c2e07ce1ede60a92db577b 1110310423 1258370 1262447
cf88cc420de7f3c9527c1ee229d370cad2a1e09bbc16d1bf02c993885ab3e5d5 1328060624 1254290 1258369
303e677de8028a00e8190fb9963c7c47f101668acda995bf49b97fb37c9d0a0e 1725211602 1250212 1254289
82f26830ef279149465738d71088121658b145961716641d0aeb06e69fe31d57 3711191405 1246133 1250211
d8a6104fa397a8538e357d209aea0fcc4d924ea447976b6ff7c8593a5fb15cc7 2208300116 1242052 1246132
f4c4c3346d211419f14cac28c55c9c6d7011807c891191981b0597f85ae5fcc5 3737291818 1237976 1242051
b6b72a1e5ab6232e41e5e212a3e20ff7b96b2a6456d3f3a264db41fe6e3c0dba 0431193029 1233900 1237975
6e7570a2f2cc47443c37130c2e95b4288e82eb006a0a0f5e4e17fdce988c6b31 0630123128 1229826 1233899
e129c098695ca0f370e8cfe65961bafb2d70cd3fedacd5ddcb4abf955e42bd0e 0720073611 1225748 1229825
83f54742a18e6c7cf87b56065e3363dbdf4440eb91efe7c5e9604abacb69a191 1805351415 1221665 1225747
cabf2e2af9127584048e4d0e7ce6fc907647544910c1ee755fcd5f6a94bc4eae 3423133835 1217593 1221664
f9922bc7834a0a21e1d7fdfd783ac43004dfb01953f2f85183a834a28a3ee783 1730343114 1213512 1217592
789b601d3d0be8d1c0b84b72b0639af8594eb57fdf765d5288a08127a3bf4787 0536083433 1209433 1213511
c40e0b5bdcf43caf86d88fac8241746c1b4362f6c4ffd407ced35f05850f4057 3611093525 1205374 1209432
1ff0c0ac4bea97dab9d83f01c4c9cf02d3ce74e496e919d109b2031743e0bfbe 1822183001 1201310 1205373
e79cb7716fa2b34151402f45eaec860a376b8f01d997606aa52852829cf1bce2 3524262636 1197247 1201309
2c1121a2819a68681370483e4401c3000e7153d69273cad96580448cd311fcf0 2529052924 1193171 1197246
c914e6c81bda587ecfca10774025c3ff475e17b21e718ea5e49100421f705e16 0834310504 1189094 1193170
a8eaedd24fc97116c07888816adee0837406237b69b9f622854a44e161e5d7d9 3608042823 1185016 1189093
749bb4d5ebb60f3224079c04ead8dc76df8e898e0063823fee126678bf664be6 2916143226 1180937 1185015
19644826b680202d9a03c9cfb29313dc754c8e1d49031206b1f8e2a20de3313c 3314371705 1176865 1180936
7c12dfb925ed12c1880e8de961e99666f908a6e2bd8a424e9aada74ae2d09111 2935290633 1172787 1176864
890e3c9251bfa8b413c58ac89675fd26f6804cef167f03005d736859c22f3122 1323230433 1168782 1172786
adb73a0c6631e76d27faca80f3c18040dd8f9fcfc90b27a00e8ae0297cede926 1838183107 1164701 1168781
f2012241f4628f47afb67f267401686093ab5327171fc3b3de855451b49b352c 0720361317 1160619 1164700
663963ac905cd46cc75a07b1876ff474bce46c44babca5a89368612ad7573888 3637301011 1156534 1160618
e02644406ad6e47718244df5442e851d68ffaf0a5a4dfb3dda4de21c46227847 1522210813 1152452 1156533
1c21e80e6059ecd9594d7af702ec83d56356889e32702f913ad6a89f36a1e0ca 0618032704 1148377 1152451
362c3b42bb40edc626abc95b5ab7824c52ece69e515df21ec8f2ee63972afd44 2906220907 1144295 1148376
c4d2140589e5b083ce2d25c3219ae1f1ea7460dbdf6ed18d970af586b916332f 2821040723 1140215 1144294
26df74c871611a6017f7102ce3db40efe545a52e09cc27b1182b1f869eede186 0414372707 1136137 1140214
18727fd3d3259fad9bbbde391ffa71eabe4f5548d2af2e43af86384664c2a6ce 0829081920 1132054 1136136
c3dad4f7243448b7e3c3f49933138126a7ac38452bdb6f75086ea27ed49e1018 1810270632 1127970 1132053
31be229688ba605f6cc02e2e12e52de5c9589e92a618892014a33e82b2285345 2001013433 1123890 1127969
bf57e1ba070ed59c8464866bd5f111d7f87b6641fb92b4cd4d4ed302f0c8b657 1221062627 1119807 1123889
31feedfbea059ea3f32456c8cfd845eeebc1be973108475b643a83639acc868b 3434232401 1115730 1119806
3aaa93401a8ebd45472ae94428da0fb7bcc53df87f37edf0b7d1e59cfd28bf79 0802291935 1111648 1115729
6b1758f0077052e241c3604be9b804c240091f01a6fc753fd0e684d4178275c1 1924272113 1107731 1111647
82e8bb383736e71a96a72a2b5c5625318795a35fc4e3491af15346f2cd27f67a 2525303729 1103651 1107730
d6a94b7288df6be58323dcd65f3ed35741e14b38f48449dbc292ef6dee2dab84 3325013515 1099568 1103650
917bb4060a971d043934f37548ac85aba765d7b1fb3f45701050a82f0877e06a 1013101927 1095486 1099567
c05f004972a961c919d88d34495882cf9d519b155a894f75aa7e4aaeb178f1d2 1706382704 1091409 1095485
2d38015cc0ebe220a0567a21a32723846034a7b7c047749a3bc5a9efa1e1c815 1531080224 1087333 1091408
2bf727f09e55a64f3aa597f5afc3e475645195d22f396c3317e1ae554b9889a2 1029363706 1083257 1087332
f57ca6f0cc8838cc4d9760d05357761bd43f5dd0084fad66d58ca48e064def4d 0339200125 1079229 1083256
23dfbb380b04395f000187b372b4242916760929971350ac8bedf6f9b50da0c3 0634121902 1075147 1079228
63ec98dfa2bc5de54abd13143fda489d413512bba44b69a2928a23cf54884994 3910121729 1071064 1075146
d9d52726fc6223f03ce4d62d98209a0e6b68568276c803f1082142523bf36e43 2017383830 1067020 1071063
4e2fd6b21435ba552d0522560f49dea623b101d719d25d8eccd92d08eae74ad6 1401063816 1062943 1067019
6f3f4daf452dabc4b690023bceda7a8298520088318a60947c14c8a78a795a3b 3611361231 1058862 1062942
8e1f4e6e5938602a5517751d320504bea7df859cc3ceff2954c032f2f3a3ff3e 0501090601 1054783 1058861
c97af32b9ed56623f2818a7ece3043df38882198bfaa8195bfac718f3ad06fad 0711332423 1050705 1054782
6b2b12ea3df4acc00505444251843adbdf7536e65d1bc02caa485a0b15819ed8 2023313326 1046623 1050704
d2a2c3ded373c40866a4a7f3905bca1e43f464426440f4cf22feb9f5502ef1b5 0729101929 1042538 1046622
70a9fc7cc286324a2be56a597d821435cadc59d1bd142671b64668293ba1eb3d 3415041005 1038453 1042537
c3873a5fe08c1f945529ace90a4e45227644eda1e6f75b8b3c7afb812d5798c7 1238331137 1034564 1038452
63a1bce975a5b89326b81c233407eb96f66739c749ea99bf3eff67d0ef998c73 2215183323 1030664 1034563
204e874f0fda9343c2f57d791275ef667a918b67c1152ebe095f2d68c730a73d 2912331311 1026762 1030663
5dc7f82cfaf5134d08da1997bcb3d53a077fa5fc19b9cbf1ad9288832fe61d28 2933032819 1022861 1026761
d14e1a8114dc6da0cac23cc15eec8889037b33a76316d1b793de14863d6f9485 2338123131 1018959 1022860
9114dd3b34fbd25a60f9c5fa83ab18ef5cd9164be88237dbece155d7e1cf218e 1213232427 1015094 1018958
c2af439d8ad1962b6f04c726e2c2a80d64a9744ff490b12d6db5e0506721ccff 0416253435 1011634 1015093
006f7a923b777cff64a0505c41bf7125f0629089abecd4603be00f7f9c710225 1618232839 1007835 1011633
566d6cd9fa27f704482c477264684d21030b23b2222475b23c41a84895a8a8d6 1819202137 1004012 1007834
01c7ff9ad92e743e67c3f65a39a1ec64a5fb7edd5f12990e73193aaf64169a0b 1319233536 1000182 1004011
38e7d2fef3ec6a548947fa43e3831fbcf8de44b07048fadaa74b585c1dc46465 0615212223 997508 1000181
3ad42449a2b211a4c267ee65b4f026fd7417c0b39e709c0d4e8528a138eb8b19 1516172734 994839 997507
3179cebe0dc147a0f6febe1ea1dc15891f266b5c1e343b845616e6fd672537c5 0306212739 992174 994838
24769e991570874eed1a9e3ef5b5ad2ba1981bdcee44807267d8aee8e463bf08 0222252631 989567 992173
095f71c77434a0c0fda0a4690bfbee4dda8f9f850e3f3a27bba02ea765854c25 0206141819 986902 989566
76dfa813a6a04f4c057ba4093d59b12cafc29940c9ec320a871faa8159289329 0308121931 984330 986901
f3993153dcfb3f689b28c36d995b1d01e2b93db996cd167f8795be7764f9626f 0506082627 981874 984329
6ba1f06a4daecd2650e69da30df567ddd7688ed0f87e20833b073bbc7cdc2699 1314172839 979071 981873
4b7d61418eaee8e1d9255a917663ec7629aeb85df26c7355aa26c3fd0e27ff29 1722263339 976210 979070
e8cfb648567636e7847073a18adf82f56f0f2e843af37e1e917b2deb6ce23823 1220212739 973350 976209
6609c62b1ab1c56279076ad529bbb904bfb60b461aaa22fbc003671f418723dd 0912222930 970490 973349
b1311752111e10fffc2a4bb80e59e30af3b2cae2ed44fa2e4e3967807af58c10 0409111526 967631 970489
b689b25a749bd1c75271f20fa3a7f9570851d16ecc78a73da8aadb5cb9da4e13 0811131530 964768 967630
422d48cb376649824fa67507e794075cae5820c17a4675892d22b33311bd5f1f 0211171935 961906 964767
69d02be148e37b5e853eb415dcd0a0932f19cf7b2035d777cf8aa359af14a6ce 0103102233 959046 961905
f2e543c8196f363ea5a87c45b53a86f9271d7189a2e926cb80e1166b34395c63 0108162836 956187 959045
76d722a0b4853a82e87cbcd609a4a6f2a1c23775f066153dfd7139410420d163 0819202425 953326 956186
1a144d7121c175d3fb3e6b2edf1ae14880c251508a6cbf2e042ecdd27b4e2b2d 1019243234 950479 953325
e9640d949de0fa7c211fc91612b14fb2198c63ccb0303b15a44c5d2fa492a317 0109151639 947617 950478
74e3ad2cf906f41eb10c7270101bace6d86bdacd3b38319f41bb64007b526327 0508112027 944754 947616
6f51f1acae088e67ef54e76f112e0e1ce7a0675481a02ebea938bf718afa3699 0114252938 941890 944753
6c1f7dc788eb67d8622cb5823633126030dbd98ce11a4bc0dea7ca11f84cf252 0212232930 939026 941889
dca322434876799a8da2fe5ba06a9c825fab8d115cf5a18456b040330b326456 0519303439 936162 939025
79c47228bcb6d56345a4b92cf3c104bfdfcd7330e6121d6305723d04f5618391 0105313639 933297 936161
dab7bcfa2ac7639b2fe4f04c769c69725b29bde75b3de4460c50d79a05a33274 0204103235 930431 933296
025e8de1c59136162dfc2cb524fc7ffd353e71bb19fd18c58e8042e28667ef59 0107112529 927567 930430
13b4c45e802428b57262741c14128d42ac8f3b7f5ac1abc311860f71c091df78 1013192627 924703 927566
0a00805b0ffc757ee2e878f3a8a5c9681c081df0da38a6412c093b63b63ebf99 1219253138 921837 924702
c183e8ae6a1f72dca76dd0c12e1c1221ad62722421078aed2d83da664aaa11ef 0810111936 918971 921836
94a08b30d5fd38db904e5ecebf4711675579c7305decb8010b312957d3284e1f 0306111925 916105 918970
5208894f6f9b416980b110cb8512ae7be3bb7f401c0031061e2974454e83c825 0205062339 913239 916104
b0cca619841e473c1718ec2aee0eaf22f247d53bf290e2ed603a309de6fb1e80 0413242734 910373 913238
0a3528b1efee90d953738c29282f3916bfc2d23299b1a8eaa918af6265cd2f2a 0918203134 907508 910372
34238e9758b796d24deacab885e57437865fd191f3aa5b545943a976fe50c5fc 1719253436 904643 907507
5bfed40f5c2dbb8addcda699fa1e82aab06b104da4359b83c191b585e580db17 0103131539 901777 904642
975ec1ce28954d588131ae03603ff0e6e7eacbf48cdb99792e96c5a7d79acd75 0519272932 898915 901776
e3b87439a80820fcaa0591aec5720edf209327bf3de18c560c6b20d6ae2878d0 0511212632 896052 898914
2e7a4281d6ee912cf5917c2b6f066528dfcc2d402a080b21f33718984a7ad7b5 0521252634 893187 896051
5bd9b73865aeaf41a69938f7f41727c15b95b90e988fd8837e83a72bad64d9c4 0405162332 890321 893186
0062cd036514b891b72fdf332579c1348114b52bc8627075b820396ce13b7df0 0102122735 887455 890320
0875ee833ef9e3c2afe0ed7a8c633633f8a47d83c1dd836cd18ccd7c8f056dcb 0304061321 884588 887454
e3ae403439a9b5ed8418d15d10b4ec6c33ad1284a890c1097777739bdc74f207 0712243135 881721 884587
7f9fee41cb063ec08d07c124db5e125b92d90d541e124790f6caf8a283703bcc 0310162735 878853 881720
27e367a7493a5657debde4415d34875d434ad0f9849ea6588ec2e5e5f2ba2144 0412223138 875985 878852
aa75ff8884977ec0ccb8c575b6d77e91dee65e359bfe9e89fa22473a0fd775b9 0716212336 873117 875984
64512d56608a09632660d7b57619c3218be89f408a7573f69d33925b55473777 0220222938 870258 873116
504165a98c80abc1060cf645ca7182044429525ab4a92b6899e11e1fd54d9545 0103111837 867403 870257
9a0e42c49aea2c45977400ee63e5fcc02939048e7fa2e019883ca0a4a28a8816 1215212239 864546 867402
26cacbf43afc5cbce60d797d1ba4ed615c49a918685fcaefde2eeffb360f99f8 0913263135 861688 864545
6784854c1b0ba4447daed80790de8b77148175854769263a5e493c98702fd66a 1115252633 858829 861687
83ca3e9d191a043b0109943516de0d75e817e6d4fcbcac9f2965aa123daf1a72 0409131731 855968 858828
ddec688e87f480d7131747bbe47d038b73c6b791167beca84c0cfc8a5d23d4cd 1721262930 853106 855967
45ede8964f64db18b7cc9d226870c82044f615a3d4896c0927689d830cfc890c 0608171826 850242 853105
52e36746002127ae9f1162ec82e52809099129a6930dd843fba57968e0d13823 1516222427 847376 850241
09ec800872deeb46a3627e660addfd52ad296f39745634eca4d1f10547b2445a 1314192335 844508 847375
d6b36424468a23fb757cb926389d88b2fe08ea4f954a1e9a2f3eb462dcc045d6 0916262936 841640 844507
cee30bd8a4222feb5f617fc8e89fc209a8127ca50966802162126f47e1222e78 0506123138 838772 841639
57ccebff56bf65e437852846e5ec827990d3dadf1c2187cbc047bd8720e018dc 0117263136 835904 838771
fc3a7bc63fcb2ac0ae0f3e50171ad02be9eefa10a3bd6d4f87352145b88c9b03 0410122931 833060 835903
0d59ac03a420aa3510ea8f674c54ca255f548a5be7191625ab9f70aa0b962b87 1117252829 830192 833059
bbb9537f9be5369e13ce5cf00eb20597722b8804f1aa2e35e16f3dafd79f277e 0915222938 827324 830191
7193b6b3d057c7cfe76f18a2dbe7d8892a45f1f99a1e8151698ac0cd38b9daab 0207111223 824456 827323
c99f692cb7bcfb519f1ea10d67efade9503415daa152eaecaa700e955a5f44c3 0311122729 821588 824455
5ad28c2e5646b8679936afa7d5a78330f148b14e87c38b684b664bcd9aa9402f 0306172432 818723 821587
be46d5bc10fc59b3a3bd8e0be46d75fef9ca59af0194a9299d99a8ca45c98f3f 1214192731 815856 818722
b4e0e0f97fa0cc058fa5b85766e661f6b5978139c6f1bcd2f32e86b537f3997a 0617262937 812988 815855
c8ee1752e2038c5c1469aa64c1b415dc2a744a1d2f2c92fd84beb105314d81c2 0218273134 810119 812987
0c585816aca0a0722eaaf09c2dd820ddaa76b6008e2fe979a9e9c44b188c79a2 1118192133 807251 810118
74a931fcfa2e1dba744ac14589e26bb5817d6d3a942f306c7eeae1ad5cd335b1 0614183538 804383 807250
d2ff058eb8ec9c5f37cbaaa18a17568f60070fa0e957e79976266d67db878c4a 0511151736 801515 804382
1143eff1a720f03145c2ab5953b49227d9c0111e04823cf35b76d0c258b5df61 0206233037 798653 801514
eb06fa5c346568a4bf4d75b06bfc2806024821e7cd88e1a0a46f8eeae1b4383c 0305202236 795786 798652
2e8843dc66542b362b24970d3e3fb4e49e7ca2d1ccffe38117fefd32b9e96b10 0120222835 792920 795785
cdef9731ed0982c754b7536336778bef821d6c2136a3ca42e70807f95454a0ea 0524252936 790060 792919
1e03bda1749a7b844dd00283d9ffe23870e4deec4871bfed69ac10fa368b15e2 1718253339 787200 790059
f3454aea0c124d7bc3440385d574100b5e7e0ffaccc048bc9715b04e50de97bf 0616172836 784340 787199
5dc97c9ae9bc62eb7ccf227fcec008a442add85a230ad68158aceba9a67e2fe2 0215253339 781477 784339
07cccee1591547ae945bb6105ed47035a48b73eb4d46f67a1b97afd287ce70d8 0420252735 778612 781476
c18873e5aed20fda6beffbba9af4b75d082fefea7eb723988a8267021984ecca 0419212834 775774 778611
67d6413dacf1a303540d71a4a38a6b1392894b20c41cc52a7e9e59a020ca9775 0407111531 772905 775773
a64fcbe549df22bb6f1835ca57ad33ffb8f39955a4729210aa0445e542ce10d2 0609173537 770037 772904
00b32683acb64cba44a67f5902d50fe9197d392d6c294695718bcf9a5392c7e9 1216202731 767169 770036
b986f2c33f994f6d1f414a505a753c6ac90b9ba37585150b9075e373c70791d0 0607111734 764301 767168
4248f45a1d2d95e3f3e370072e808bba8a5d44200ef36f9bc55352fe524f565b 0304293036 761432 764300
1a09894fb96436dcdd8565d39d1dce5f47e4a7fa56c39d7e6b891d4b1fdb2f20 1016172935 758564 761431
dd32a21e440b8a6a19e26cd07e655043678bd423ac528b0cc16eca6440c26dc9 0809121428 755697 758563
04b699714266eec6f8c04ffd504860f84267802b7306b06046f9d67b3d88e33a 2325333435 752829 755696
a079c66d9e6a9abbc7013e4550383c0dfb4a22751884657c66a338f0c5846b69 0609101925 749960 752828
5176cb4a9a36cef91ff1248ce416e9ea693299766075ee40b0f0332b444369d1 0203081121 747092 749959
e3dc4adcaacb8c77a646501c6f46aa6d014366e3fcdf6fc7cda78bcf371996d9 0506202637 744283 747091
7da0cabcb8db2ff564d33227f15a8f6de9f2ab76d6987b4902bee7edaac602c6 0210293637 741448 744282
e5f8a7fc087abefaae09b874558668b043e84057f23e143cc2fa1476424d3c8a 0103072528 738580 741447
e9365756fd5cf19c3441c02ff55c4e71a529b378782e0336b920594a3a315e1a 0109141518 735712 738579
533070aa11532c9e83d5361070a93577c1c56e36efe878380197ee1cee534514 0815172324 732844 735711
465616d7b8123a86ef9e0a0b0427f5c992705d848f2004c7eeba5c90a6c04bb0 0809122033 729976 732843
ea555d2b3818fca80a4fd4110597c11671194dbea409e146905fed3add40b111 0214283639 727108 729975
a1edef23cca1b29efaa8ae359ca2e89205d99cb36e1967aa8deb478ef2cc904c 0105061630 724240 727107
ef6f66d3c890923ff2ce2e484dd0c84434ff1a66ab64e6e56c137e9a17e7778e 0210182629 721372 724239
9b549e998ab5f56269f8d2c74875e58dc4a9bacf12d795c8222f67b0524245f7 1822313236 718504 721371
a04189473a28d1f7083f36632ea8347dec4f5140d5ec821f3fbe62afedc89709 1319233137 715638 718503
304437d45da819d269cbad80f98a0dd97a27a38d9f177c1f4a9f9afd0baf84e8 0310262931 712772 715637
603631852081621a66a58b7e3ae724b168f3197d05b7530f936a4cb76288a2a0 1422262934 709920 712771
3a20cce3f9da1f67a13ba378435dadf8750dc018de0edafaeb98bb51e85df739 0105063036 707059 709919
da193aaec46c209c8983e3a93840edf9215b48449d131d12c8ca208033fb395a 0125303135 704191 707058
72fd86c4554892c6833252ebb5bb02851f611f6b1c6f9ce6f8025b95666a22c6 0217222528 701322 704190
66ef997186c759dd0a2c94ed1a08146e0be0b14224ab36615764b7c2568e8e79 0306162631 698463 701321
643f3982efa768335a694477fdea6e976dcfd19ba53d33fe92e52efb7c2bc995 0413172738 695595 698462
7e4b7e927da44895b0cc1f93dc2e52a4e55ebd0cadda16519930c9d0287467c9 0117283335 692757 695594
f3bc4aa6f6439b5efadb1db13defd3816011bffae1fe7c46a37e58a7f0bd474d 0809153133 689905 692756
38de86875957db98c65ad2fb5781afe8f1a39bfbc2774f42ae3d4873a266e224 0910163033 687065 689904
eecbe08ea335e0ae0f75d7c497436e48870f2806c62019ad68b9741b2853ffa5 1314212527 684211 687064
b5c94ce166b728c178e5d30ef2848ea03ec988e201b27c9d0c4794e9d78da8a0 0910193039 681343 684210
f4115781d6632c8ffff75a8b120e52aa29ca3b8f3da9579df26d023069718469 0711232631 678482 681342
d5095971d88e5efdf5c2e20150634664046561166c7a21a30d94bf553640b714 1820293037 675614 678481
20f88e1ad85bd63a32ba4f333ed12c918280e8ab046f2e2ca353ee56c3cd1fdb 0209202633 672745 675613
a2a714288f62a9fdd79888dcd02f9baabf781063b5d77ace0a026fc0e755d27f 0103091931 669877 672744
8c29ed7ef8ccac34fccdf6dca3ff4110e54cf0caee37c457592cf0006097cd77 0812193132 667009 669876
b821dfcacc6dd024b79a8b4d4552ec8e717835521cb1858c6cf8a55eefd4fe3d 0312182534 664231 667008
b6a75198646f03fb8fb87072bf4a7e52e355fb78deec92b1ab2f3905dce71ab6 0718242735 660969 664230
76df760c720f2f3df33c90862781938e8640e5f94a4f810a43631cebc05a00ee 0204091718 657827 660968
8d46392f57745b12862a351996831d6dc4d7bc27d9de061166f850dd202b644c 1516202136 655170 657826
a74feaa4aa5121bbf71a9c617fd2a097a8635af66576d19d1264c9f16acbcfdc 0510112336 652291 655169
5a2578167e4d442c41c330a2a1f9fc646309a51214b84de44d71b7b48edb0dc2 0103071517 649411 652290
80762b12b75f751a3d2812d65c42a40279fb949b5ec215884381d02a5be83c0a 0513202326 646531 649410
00588a2fbe1f46e715e228cecc774f55e041488f956700f9fd65d641c6b57ee1 0406212736 643651 646530
36647cc70122719e6bb32e2e2b85188c41c1f3f1c1c3da40ed7b954ab7d094ff 0715173536 640771 643650
e8d183d3dae474a6b83d90c468deea6752eb7a7bc3866845327b3201c64ee398 0316243035 637891 640770
047467974b2f7bde14363db1b46c2ffedf8ea963b1d4a3ff4f86fc6cc1c7326c 0409202132 635011 637890
836f8b776878ee1a47ecfb0f936fb4c004611828eb74a00a57e5f049c018e952 0510293637 632136 635010
4fe111fe5d10553a7fdf8ef3560655839b47debeb0d14c5cb3473b517dd03ff2 0313152030 629256 632135
59dc6998a152248efe2a622a0526fbe53ef84d6c8bfe0012f45c499800327904 0419233537 627050 629255
254aefdb89e6898178c87991772f8a81a5357d30d4d37b84f27c1b4654de0422 0210283839 624311 627049
4d972b9fbd808d3bcd7aefde3434f5abdb9cadc159584334da3101aa810b4e11 0311153436 621465 624310
41c447a2aec82ab32553509362240b7da1a89b19c9a4eefce3054085be8fa947 0111273135 618585 621464
1e3aebd1ede6b91dfc64bf5cf614ea2b7415909080e61d17d818555a39f2f634 0305172830 615706 618584
b5337d4ffa3606e8edef7e162df475e4be9986bc0515c31a5d8794f9378e01e7 0407091824 612825 615705
11fab2f75bde7bb4877622e5b72a11d253459406233f577f6e029dde4c86bb9b 2124282934 609945 612824
03d65da7dc1218e579eb2952fb0e6fa85394aac112549469fb7c83654adcc354 1217242629 606945 609944
261a122e4148befd70c97f9844aeb04f4a34214d8ee6cbda6bdd53769c81faf1 0210112324 604065 606944
a2cf90e0488c861d021703fe126bf70849934b1213bfd5435d2808e55a66c6b0 0824263138 601185 604064
a799126972cdb941725606c28894b91d1fc3a684b6b152bfebc4d05dfc1c0c7b 0412333438 598305 601184
2f6a1862d7d36649ddf077d71343453cd8eac8cde8e25817935efa0a340c601a 1115161832 595426 598304
25de71eba1991f33acb5a18d9401ac2c2e6ffd4a464b33819fb1b4dada7dc3cb 0214212237 592546 595425
f416d7e79c6e3db10aeb8e9d0f703bc4c64dfc7a10b0444aaa1f6959d7e840b8 0508123137 589980 592545
5c55bc85e812f912ba9cb59019e2c94f80c3c77378e3c96cc938a6d37d7910c6 0619252932 587487 589979
1541f15ef8f752a117b9f342e52b1d27c5497a4b2c644ffa9b2a856d206ee7dd 0925263337 585186 587486
a26b69b0e400584c678fe6f46196f97f117c7808a77f40cc0d8d8a657b0735ae 0105111927 582372 585185
ca88e00456669064ea76dd4b63222c5b39a8da96117929027ace3b34719f54a1 0103042224 579859 582371
ef60f3abf9e8a7a9db654699ef959d3249e24045622dc3c9fdb61eb97ea32eef 0625263135 577128 579858
725fe1f0c70101b569ca9d1c93e323daaceec53dd39112c34be5501304ef3581 0106233638 574399 577127
6bfda1e6cc7b2a56b32b31e96d42bd934f7196a40dc406fe48a6720ba27ac3cf 0114283336 571519 574398
2c57d42eb398bbc0caf839cb48f868320ba79ff90a831c33afc496e48e69dde3 0826323637 568639 571518
ab28ae1c17cf53c08369d262264b5af4d71e3d29a22e34456d0a6d3c0fc0530a 0206101629 565759 568638
061cc4cbbe1f9bf6eb6601738e372050fb4d11492b81861589aeeccdbe917b3a 0304242536 562879 565758
58cabb2b0c4d2e04d10598c9d2900460f488910e860189c4333576fed785618b 1216242639 559999 562878
9bae738f9f28c766ddc51dc560a9c74394f7fe66e860ffe078a6f85026396084 0412132126 557119 559998
a32dd8cd71002e05283f975ca4cd1e6eedbae3ce9d36f66955b38d4e5c28d7e9 1029333739 554239 557118
2fa28fa582a3c9b1a0779e2cc8efd8f81fb5bb4d557fd263445eb9b9fa4439e7 0812213334 551563 554238
980388463a47b7c7bd377ef29195ee9011d41861b5b5fb420ea4fc6edb72315f 0204081216 549201 551562
230541ff31d1c9f6467abe9f66528de6e4271d0e75050643b4fc6f4347bbf73a 0108263437 546902 549200
2fb97ea86ed38275e99b012b6b1c574a09b859323567219396b381890de8ff3f 1421222539 544122 546901
93410fde24f949c880bdbab9f848f6209aa49c81d5d33e6eef9c81b807747291 0310163438 541243 544121
375689f8a95ba7e191dec62b9779b8635e50785eba037437c67570cf23e40ba6 1011273435 538362 541242
4aec8947102e940ca9b76860661830385f6a60195232c1cd28d5a788dfc4cfba 2325293135 535482 538361
99e617b011c0a4e907c4b58fec94fc2b1843f970616afccceefc62d1a63e18b0 1117192639 532726 535481
3e2d120a87a80f0930da4716fb558d4221cc106a99efacedc41d33510f08fecd 0328313338 530424 532725
1bb3510e160e31353444d11f02e47c0fa48ca39569f079927ae4d1c78167678a 0815202335 527544 530423
cdc36ef08dad390a2ce5225eb001426786095fe0624074e01def2f451fdb4d05 0307113234 524664 527543
45f954bcd683fc8b0ea17dc5b1b8db10f7c4966274fb8d9163168c9f02bcecea 0618212337 521790 524663
b4befc87b78b5d6230efdaa09f323f647668cc9cc1f08d95b75b0c6d3886dfe9 0708151729 518929 521789
b0af1ad9f187b6bb443c4e9f95e875ce9f5ad5c181e136b60bb10f64b5de8bb5 0610161731 516188 518928
82496846fb6a4ebc67999d2e45e7b6d5169c98da1154bea5cfe269f088d32715 1222232529 513308 516187
8eaaa2bf0d58ea9f0ec9f16d041d0ba1368d2fb3e55ed3fc60cded99986b60f2 0305072131 510565 513307
3f91f95cf0b31bcc70987cbbe32db5200284dc9bac3c7c9af303a831bdba5426 0426282930 507840 510564
140c4d099a1487e3d057603bf885423e8555d8824698effbb7d3fad0eed0d169 0612182627 504960 507839
ce622072c1bea523c455a6360a4894e8592a9486107cd269df3bb91196afe568 0308122934 502081 504959
8a5190ecb7ace62dc1b9425f2723d48183152711ce821c2f39917ce4e1757778 0418202637 499378 502080
c2e69e49288c0f3f90659e2fb0186a12ddf537fc6e5ee2eb958cc0aa49320835 0313363738 497462 499377
96549295fb49f842b16a0b19fb2b78ad1c608bf07c2f2c5491ba8b9bf974f9ed 0711182831 495542 497461
a071026694a81237d4c1929c46c0719b45ce38179dd91f9c152942085bc3d12b 0408181930 493630 495541
f34391102dee6225ce56e5ab44b04f2051e2ab4730d1b7438d94b841741e5b3e 0911242729 491710 493629
a8e5c315b8f49003d89ce01b4798470935d8540dd487ebaa410c1b4a1a0c5c60 1214152329 489792 491709
476bc92033e581fb0292c99c4832081027b0fe1928314713f750710b9087f485 0916172428 487117 489791
00d479c46d2a56263202661fc9b17d7c686180ac2eeaa01d6bdec1cae17a210d 0312223537 484237 487116
a587d364a9659f75cb4032e0a44b7ef71ef2d5c6618aaa9483aaf20e1dd1648f 0819323439 481361 484236
cec2eb54799a6d0cb0a75580d0ba534bc43daa7e0ad15943e89d01cb2807f30f 0516222637 478481 481360
53b0864b8048ab1f1df0b82237cfa2f8603f76b115c9ae5938a10f76fbe57664 1518233239 475601 478480
27249417f8b12c8b30b6d827b3b79aadb467ef050aed29398542142a9b5d7694 0512222738 472726 475600
3153001e90d6b45e2d77983e8fd02036c3928cbc9721f6c334db80e36090f129 0206232528 469847 472725
4ffcc77e16bad728cf143f7d402b89a2cc016ec7357b0eda303642f38d9b3cc0 1113151835 466966 469846
b4208839b8972f5c42a148ffbd09ad2c70c2a0784a8395f668473841b3124f1e 0415232436 464087 466965
9ab0e4a28fe7c7b898b9333fac085b2cf7e61f93fc8f5652cb876af3fa431825 1314171820 461207 464086
426af143bff22232f3cf5ce4c61f13339e0d9e8f54948dc8c3ccc0ee29b4da55 0513282930 458328 461206
12bbe65dc33b66a475b8a62b4f59887144b8aeff3186a7f02c84080550b61416 0105203133 455450 458327
ba484cb28a20fbefe9e37f489fd64aaf427ac82f507ba9c89c5a8cc9fca877ca 0717232732 452450 455449
3c4aaf36b31a559ec40ca0a358e7b178ab4b92c740e7ad64c63627ab4d941c1f 1529323738 447770 452449
5296bfd24e214e95e91ec078d9e4d577627c532ea0ad7470cd86cf76af94fd59 0910183537 444889 447769
ff4c7ff3030e3a4259d9a8dad74b8c40dae794a7516361fc84347278dd4bf494 1315222638 442011 444888
f28740d8a5dd48b36f77dc4da2f72ad78de4e99db351a55aab9a5829d6225794 0726283036 439132 442010
f4c5e8275c9c0507f78f6eb40cd67c5409462278d8b225ade16721fc60f6b80e 1124293038 436251 439131
a0ea181c021d4ac2f2e16ed021275a89bf3c1ea9963de21e90013108842c94ae 1316232834 433371 436250
9d4bb73afce5b2804ec995f6aafba9959bbcc595000d4cdaffcc19f7836d8b5f 0508132537 430492 433370
c6bd68502c5e85718d1328e6f616127951e5161c29b47c13af7b81482428e60c 0421253031 427611 430491
90e8e050f413f502b0a0097821a774b34128444e942763923a6fae341dc638a7 0710152137 424732 427610
1ecf973371b15900c1fd3fe877070e18a4e89891c5790f1bb312324ece71803e 2027333539 421852 424731
7680ed5864cef049aaee35e9df555945059cb5c74607b03bc1fa141deb0d144d 0915233537 418972 421851
9501802328da210f3bc2af31b155dc8bfc2b94a9430f4e3eb01cc837857b761b 0615232425 416091 418971
36060aa34ee4be1b9734cacda45095baf189e8ef871f930384d769752317c25a 0912151930 413211 416090
24903659227ca541e8e0663d50ede85222299a48cf409f7da819831a45854fce 0204051719 410332 413210
a5f44944776e74c2dcde800d000973cf5adf5e95a54de32fcb89789a653a161d 1718232627 407452 410331
fd9b55d4c634d367376872f3d8cb28988655332b200e8e307b94c3d396e8780c 0812163034 404571 407451
b262334db5da27b6745ab151165bcbf39885392f001441f902b9bdc92d6163c8 0105192233 401691 404570
526c1437e5b0aa10d8bc90eec59ac01f8e6239ed5ae05526bf79b816a538fe25 1416192731 398812 401690
5a6f43e6b6aaa4e31ea22957c019783a04d51a69144f4e441fb1e464c1ecc393 1115222729 395931 398811
73a147d3edc377bbbcef3b7fda3731f0e87e16049c3d873a3961d08c7b02485e 0407142937 393051 395930
02de5798a543cac5b6b2d0251cbede78668966d3a812ab9a9277c3f7c24f93fa 0405232829 390172 393050
9a2e592dd20b07129c2f3b9976460fc69e0096101aa7713130b1bb93dec89d7f 0203050716 387292 390171
60f02218ced8dd6d379c88a0e24fc1059db60d36a3c4dd4349c6f90ba6a4c6da 1820333638 384411 387291
31084f5054027ea947b98e333d4d211edb4a1212cd9ba4f7ea7149e0baa8b28b 0510212235 381531 384410
3caa126b4d887ee808ddf6e40a90a0129e82fcb29f246693eb53a70b126d1d45 1622252934 378651 381530
f74315c3c969a45634187437d15ae8c0a16bd6887aaebd6f351a742acb3e07ab 0406072224 375771 378650
81cb40a79f7d7b5114a96ba0ab11b0c6bc43a1be54462b448b37b64e9ba55864 0203212230 372891 375770
b3eca1b10b66af6c63401b1396b1302b4d9404ec1448e196d173541d7d1e012c 1416172326 370012 372890
b8af6d101eee93ddde20e6285ac9f16f83b4a9357a5c5e8d79a06b0daf27eb2a 0611172436 367132 370011
fcebdfda654fa845e28cdb0999b6bf5c5fc00ac15d5deca827977001ff127bc9 0210172038 364251 367131
93d088afbaa0a5a4673e31bdabc88d9cc3de53a60d977929d8f97c6d27388d0b 1415232531 361371 364250
bee8c05f6dec0d744d6412ab51d207a2cdcb71bc50774a87864e7e0b283ddb04 1823282937 358491 361370
b15b2caff429f7260d6145e0aeb67a57fb09397fec5d8736b903e87c78ac885f 0920212735 355611 358490
706eadeb1427517854832067b46e300b8d6611c565bd4ab726b187cf8e7a710b 1417213237 352731 355610
72dd9692ba547d161e8bcbceb6e37b96a0c1ca634dca523dd58c10e41c77b272 0913283036 349851 352730
278f9f4ab024bc7c8a3b9708f7a7336c36cdec9b4b606fc4dfdaca95a705f9cf 1114161722 347008 349850
4f298beac2946b48dbb378bfe4c58170a1f3e0e8249b75a690c3d78960be1fee 0515203338 344129 347007
41622acc2a4a272ce39d5bf29b6f16d3f95e7aff30f12af4e89c56afcce0a9f5 0913173032 341249 344128
a88c7f92867a61882edad33e3de417fca7a875841199e2746785fb57742b21fd 1617202130 338368 341248
80f533dd22031ef82be33d5ab69271c5c575ad4e5c94cfd13095ff6aed9d5e1b 0409152638 335499 338367
1a6ef317c4e26f7482ac1a061719fe6d9c4fd157f576c14abf0e2c287eac3ee2 0614161722 332619 335498
aa5f9c3ac1e92b3acf0c9e99790ee4209d18cb8f85f70b5fadf80bc327031f4e 0716223039 329739 332618
f3a09dc45b3a76ff54110303da2d6bf7830f5b9fe9200e3bfe90f50cc34baa90 0207213139 326859 329738
d3f60ff5b1c2c112d0d7d3d5bf4dbb033aaeb7ee7ab24f6f415392385ca460ba 0307101834 323980 326858
376c30bcee90a00c224008c9c68ca723f70c17797f96b97ea878e1bdc8452cc0 1822272831 321099 323979
a5e389005c2adeee2ceaed31ecd8464e8b810554f12b2c143bf13ce13de58a07 0203242533 318219 321098
23b498a2a4373deadf573012a7117b5f3faf2bede8684c4b1929be81231274b9 1115182639 315340 318218
a0062825df53362fb59fe811a73e4eb9cc9daeff7929dabe4e10f00ed92777a6 0306323839 312459 315339
c0e079ddd78e0f7a4ecb11c1d3c57899e46d4f784547ee8ce63530ad9ae3f570 1112192635 309579 312458
8f97eb192efb1a1bf3f247425520f3614e0d5bc509a5e6d8d612a844df49feb7 1618222432 306700 309578
8f64f374ee73d461cc489f67ee84c4d185fa54bdeaa04086fdb688353cd637cf 1723283539 303820 306699
592339aa89139cb7260685a9e5b495d514156e70fa681e1cf79e57c2e2bb99a4 0306132931 300939 303819
8f9755e4d248c643ca18c57a3f811437d974f6748e867b0eb6a1a86c70415231 0523253336 298059 300938
f3e8824bafd4a17ce9caf48d9bcbfcc8562eef3d609eb4a0860d413f6e84b386 1120273536 295179 298058
6d83948407991472519cb09a08d6b074e45e231d56140edde618e60b8c51f7dd 1516303235 292300 295178
4357c34f99e90559cc5e8d0c1a3a0a3b9977bd6a58678f7ef446c7bd52c52657 1524253439 289419 292299
281c2697c852816708a3804b3e94938eae1eac356bbfa5324b55dc0cb86a75e9 0102052931 286540 289418
2f291c62c021f7562bc75364bb195af029a7f489c27bf8442b66ef18285ea7a8 0205193038 283660 286539
966e0773a3081e4aafe46b126ae83cbd69d913cc3e2bc62e60dc76ea8e882222 0915232436 280780 283659
c4ade4b648d16102deeae6888f7657fd6e1d3a4c16abe181b339286c05cf26b9 0312212531 277900 280779
f72947e76604835c74b81d07860cbe5c145f2530c546bb20517d3a38e2626b30 0924333437 275020 277899
3e3707defa940afc6bff87f9646dfd9bfcb4b0aaae7c490473598e8ebf2d43dd 1820262732 272141 275019
391076655f599bf1b0e0690ba097deb633527df7b83ee6ae35636d6c3634ff5d 0218273033 269282 272140
5bcba71cf83e38cb8c8c6e137294d01071af1bdfb87e44d2bcb96b3e037042d1 1824263034 266402 269281
d0548b314aa8ec7e7f6e82b7cbcab168f7c6bfc141fed5fac567b0ed193ce4df 0406122936 263522 266401
e3f2224eec71837ea4466a0ab3d1e1120b7b9a83242966c68346a4c3a01e3f5f 0527303438 260642 263521
395a90befc94719ab70e917b0d40081046d895c1ce5c16e7f4b2b7cf6fc64d1a 0405233536 257762 260641
194426e4a94ceb83b7bd60362500cac8f9a4b0fd542c0b66b0529412cb97f8a9 0405173035 254882 257761
0d3518392b9033ef73b8eeb4b6e061408e74a32da3080de061fc8453a32baf8c 0733363739 252003 254881
5eae64e6b2699e55caaa872918da67e22d84f33953c4bc83b71ce3b6bcb573c4 0912203739 249124 252002
ed343f0de56413df7fc4368830179620feb154a0a03bb9b6052b1edbd66824b8 0709192139 246244 249123
8a9f62e07aee563011a4121042270953429289161933f8960b5e6cfe7456bdc4 1318202236 243365 246243
adb2f6e76e893e38400319aadc8a237eacf0bd29769ab1ffaab53b3b62d61d6b 1017192034 240485 243364
f1d6c1718221216cf2fb4949a55ffdefcdf86f0889dffad58d1009e08e0c0e5e 0611192838 237604 240484
8c2f5bee83d6990d5bc85b896f6ffc08eb493e6958dd71e61c04f23771781c37 2527293335 234724 237603 
